3.98    4.13    0   -1.57
3.27    4.17    0   3.14
3.71    5.10    0   1.57
-0.99   5.07    0   3.14
-0.99   3.69    0   3.14
-1.07   2.82    0   3.14
-0.61   2.03    0   -1.57
-2.20   2.00    0   -1.57
-4.16   2.98    0   0
-4.16   2.98    0   1.57
-4.23   0.36    0   3.14
-4.16   -1.56   0   0
-4.21   -2.48   0   0
-3.15   0.03    0   -1.57
-2.05   -0.25   0   3.14
0.00    -1.20   0   1.57
0.03    -3.53   0   -1.57
-1.25   -2.19   0   1.57
-2.02   -2.54   0   3.14
-3.23   -2.7    0   3.14
3.16    -1.35   0   3.14
4.45    -3.50   0   -1.57
2.00    -0.13   0   3.14
2.00    -1.47   0   3.14
2.15    1.79    0   3.14
